S C:\Users\chandravardhan reddy\AppData\Local\Programs\Microsoft VS Code> & "C:\Users\chandravardhan reddy\AppData\Local\Python\pythoncore-3.14-64\python.exe" e:/students_results.py
Predicted Marks: [0.44165354 0.40814034 0.3889933  0.31617526 0.36722069 0.36021008
 0.37537658 0.38824238 0.40779885 0.3540443  0.369187   0.40166706
 0.35141327 0.35478956 0.36192728 0.4120549  0.34762309 0.3665052
 0.38378708 0.34124406 0.43294139 0.39416322 0.37444171 0.35147418
 0.39446993 0.42570718 0.35198742 0.37385016 0.34964509 0.38527026
 0.37892188 0.35287541 0.34248687 0.348849   0.37695273 0.38628365
 0.35284734 0.38732496 0.40484454 0.39394335 0.36509564 0.34705804
 0.45341231 0.41334963 0.40518508 0.41694395 0.37768058 0.36924947
 0.3055072  0.44491276 0.39270808 0.41701981 0.40049429 0.3712889
 0.42720156 0.40274553 0.3489537  0.36948497 0.42185065 0.40141267
 0.3194652  0.34097681 0.35202293 0.38229526 0.37919737 0.37214102
 0.3541197  0.40018849 0.34200941 0.3557121  0.36866391 0.38249467
 0.42643452 0.35802619 0.39155419 0.35076515 0.37782025 0.38114265
 0.38951991 0.43263618 0.36508834 0.36738475 0.37090905 0.35545297
 0.38445506 0.4140116  0.31226013 0.39828169 0.42032254 0.36307529
 0.42279295 0.36162279 0.34499539 0.40942738 0.36133013 0.4151267
 0.39965143 0.43091725 0.37167839 0.4102491  0.38365513 0.35332684
 0.35990892 0.40529417 0.35606692 0.31208651 0.31541688 0.39130227
 0.42411578 0.43426505 0.39142555 0.35202191 0.36738578 0.37834196
 0.40043292 0.40468549 0.39391738 0.37684466 0.37892201 0.38744064
 0.41947822 0.33135314 0.42640786 0.41383999 0.35185178 0.36799585
 0.35781808 0.3769315  0.39274832 0.38809627 0.42327513 0.34048084
 0.36890439 0.39838024 0.42979421 0.37127898 0.33990011 0.3926587
 0.42284134 0.36340748 0.37822974 0.38893222 0.34714845 0.37355359
 0.36884318 0.34693253 0.35608496 0.40382352 0.31810289 0.3701463
 0.35484056 0.36634703 0.32056668 0.31693402 0.35908872 0.36821141
 0.42022631 0.37206307 0.33666227 0.34635439 0.35605327 0.35618517
 0.42977541 0.36300189 0.3911864  0.35630131 0.37623147 0.38747847
 0.37277297 0.32102791 0.41192356 0.3779685  0.39670157 0.3578353
 0.40677667 0.32338616 0.36120814 0.38598904 0.40507301 0.38031389
 0.34383819 0.39050701 0.37231418 0.33891494 0.37723159 0.4255845
 0.38627602 0.37124088 0.41927885 0.33717937 0.3815729  0.3664532
 0.41496376 0.36292964 0.34341833 0.37102741 0.39894158 0.41700872
 0.37689149 0.380727   0.39761861 0.35508093 0.37530099 0.42085435
 0.40494747 0.42288434 0.36980696 0.35371508 0.3851153  0.36255888
 0.38747434 0.38564262 0.417852   0.35201073 0.41125232 0.37342497
 0.33795851 0.35443942 0.36516355 0.33702128 0.33213698 0.41285432
 0.3534522  0.42380414 0.41346138 0.41570237 0.37093432 0.34129913
 0.33306882 0.36793094 0.40310695 0.36768501 0.3601704  0.38114609
 0.4118828  0.39623807 0.36188993 0.4072787  0.41485075 0.36197064
 0.37561215 0.39725378 0.39931789 0.39485194 0.36979145 0.39523782
 0.41326078 0.34947501 0.39471096 0.34991364 0.36665268 0.32505202
 0.36560692 0.38786084 0.43843621 0.4167232  0.39582753 0.34162599
 0.41389753 0.38602182 0.36473106 0.37119179 0.42385483 0.43787267
 0.39638891 0.43041248 0.41121315 0.36502025 0.33836107 0.37859992
 0.37870716 0.30860934 0.35790271 0.41933561 0.40096799 0.3989028
 0.41975896 0.30838059 0.43048831 0.35087572 0.4063471  0.37939179
 0.38475564 0.40730702 0.3822197  0.40607118 0.39852349 0.37761535
 0.37007213 0.38282186 0.38006357 0.38423564 0.38158548 0.39479117
 0.36604726 0.40549169 0.35248082 0.41523935 0.39343955 0.34374651
 0.42170042 0.41920706 0.33552984 0.35858512 0.38817099 0.36061822
 0.36487063 0.38211481 0.38797843 0.34438087 0.39364875 0.39704184
 0.41489747 0.3428012  0.39751782 0.39404739 0.33665863 0.35651221
 0.37664126 0.33205461 0.36673136 0.37931724 0.40364714 0.3660208
 0.42545975 0.4068522  0.40288191 0.37438002 0.41366467 0.39949986
 0.41307112 0.44119371 0.36198684 0.38928221 0.40187393 0.38368621
 0.36767194 0.34074985 0.39077316 0.38796037 0.41428316 0.38707823
 0.33638401 0.41979319 0.35029223 0.37885308 0.39338882 0.39524162
 0.32929547 0.39901391 0.40499158 0.34839458 0.36028969 0.36422517
 0.38261108 0.35446006 0.38234177 0.39225022 0.34575847 0.41521542
 0.36099703 0.40041393 0.35818939 0.35128322 0.347238   0.34552286
 0.36288246 0.38631568 0.34635594 0.37957884 0.37780211 0.36056503
 0.36040081 0.33474211 0.3897772  0.3808765  0.36965088 0.35392336
 0.34007683 0.33961237 0.36316435 0.36025537 0.33788083 0.31864392
 0.38219678 0.37813963 0.41607951 0.37118115 0.31705597 0.35143965
 0.33619558 0.40110809 0.331888   0.39245352 0.41491687 0.38086817
 0.37382261 0.38772454 0.42659844 0.39572238 0.37395375 0.41994768
 0.35889305 0.36870912 0.35303684 0.41602672 0.35534808 0.40327175
 0.3815379  0.37049355 0.39295323 0.34497302 0.38532715 0.37349519
 0.35510434 0.34550029 0.41942107 0.36159736 0.44113048 0.35761981
 0.37355422 0.37855138 0.399507   0.35579281 0.34441043 0.39169336
 0.41988877 0.35511014 0.43696117 0.40638599 0.41316148 0.40964936
 0.37398669 0.37165046 0.4158893  0.38791832 0.41273133 0.36829711
 0.37943036 0.37549944 0.34918078 0.36340089 0.40582018 0.43799898
 0.39781757 0.36265492 0.44931211 0.33771118 0.41956096 0.34859143
 0.34586847 0.37646847 0.34493845 0.37314244 0.32437468 0.41831238
 0.40068816 0.42970029 0.39347971 0.40408799 0.376409   0.38431845
 0.39950986 0.34902682 0.3938403  0.37823416 0.37439288 0.31293388
 0.41589985 0.33676737 0.3674135  0.42783345 0.36568572 0.42713216
 0.33589835 0.37863382 0.39029655 0.32652036 0.31455119]
R2 Score: -0.014649807606850196
PS C:\Users\chandravardhan reddy\AppData\Local\Programs\Microsoft VS Code> 
